7 6 8 8 8 3 6 3 8 3 8 3 3 3 7 7 6 3 8 0 0 3 3 8 8 8 3 3 3 6 3 7 3 8 3 4 6 6 3 3 3 8
8 8 8 6 3 8 8 8 3 8 3 8 8 8 8 8 8 8 0 8 8 8 8 8 3 8 8 8 8 8 8 8 8 8 8 8 8 8 8 8 8 8
3 6 3 8 8 8 8 8 8 8 8 8 8 8 8 8 8 8 8 8 8 8 8 8 8 8 8 8 8 8 8 8 8 8 8 8 8 8 8 8 8 3
8 8 8 8 8 0 8 8 8 8 8 8 8 8 8 8 8 8 0 8 0 8 8 8 0 0 8 8 0 0 0 8 8 8 8 8 8 8 8 8 6 8
3 8 8 8 8 0 8 8 8 8 8 8 8 8 8 8 8 8 0 0 0 8 8 8 8 0 0 0 0 0 0 8 8 8 8 8 8 8 8 8 7 8
8 8 8 0 0 0 8 8 8 8 8 8 8 8 8 8 8 8 8 8 0 8 8 8 8 0 0 0 0 8 8 8 8 8 8 8 8 8 8 8 8 3
3 8 8 0 0 0 8 8 8 8 8 8 8 8 8 8 2 8 8 8 8 8 8 8 8 8 8 8 8 8 8 8 8 8 8 8 8 8 8 8 8 8
8 8 8 0 0 0 8 8 8 8 8 8 8 8 8 8 8 8 8 8 8 8 8 8 8 8 8 8 8 8 8 3 8 8 8 0 8 8 8 8 8 8
3 8 8 8 8 8 8 8 8 8 8 8 8 0 0 0 8 8 8 8 8 8 8 8 8 8 8 8 8 0 8 8 8 8 8 8 8 8 8 8 8 3
8 8 8 8 8 8 8 8 8 8 8 8 8 0 8 0 0 0 8 8 8 8 8 8 8 8 8 8 8 8 8 8 8 8 8 0 8 8 8 8 8 3
3 8 8 8 8 8 8 8 8 8 8 8 8 8 8 8 0 8 8 8 0 8 8 8 8 8 8 8 8 8 8 8 8 8 8 0 0 0 0 8 8 8
8 8 8 8 8 8 8 8 8 8 8 8 8 8 8 8 8 0 8 8 8 8 8 8 8 8 8 8 8 8 8 8 8 0 8 8 0 0 8 8 8 3
3 8 8 8 8 8 8 7 8 8 8 8 8 8 8 8 8 8 8 8 8 8 8 8 8 8 8 8 8 8 8 8 8 8 8 8 8 8 8 8 8 8
8 8 8 8 8 8 8 8 8 8 8 8 8 8 8 8 8 8 8 8 8 8 8 8 5 8 8 8 8 8 8 8 8 8 8 8 8 8 8 8 8 3
3 8 8 8 8 8 8 8 8 8 8 8 8 8 8 8 8 8 0 8 8 8 8 8 8 8 8 8 8 8 8 8 8 8 8 8 8 8 8 8 8 3
8 8 8 8 8 8 8 8 8 8 8 8 8 8 8 8 0 0 0 8 0 8 8 8 8 8 8 8 8 8 8 4 8 8 8 8 8 8 8 8 8 8
3 8 8 8 8 8 8 8 8 8 8 8 1 8 8 8 8 0 0 0 0 0 8 8 8 8 8 8 8 8 8 8 8 8 8 8 8 8 8 8 8 8
8 8 8 8 8 8 8 8 8 8 8 8 8 8 8 8 8 8 0 0 0 0 8 8 8 8 8 8 8 8 8 8 8 8 8 8 8 8 8 8 8 3
3 8 8 8 8 8 8 8 8 8 8 8 8 8 8 8 8 8 8 0 0 8 8 8 8 8 8 8 8 8 8 8 8 8 8 8 8 8 8 8 8 3
8 8 8 8 4 8 8 8 8 0 0 8 8 8 8 8 8 8 8 8 8 8 8 8 8 8 8 8 8 8 8 8 8 8 8 8 8 1 8 3 8 8
3 8 8 8 8 8 8 8 8 2 0 8 8 8 8 8 8 8 8 8 8 8 8 8 8 8 8 8 8 8 8 8 8 8 8 8 8 8 8 8 8 3
8 8 8 8 8 8 8 8 8 8 8 8 8 8 8 8 8 8 8 3 8 8 8 0 8 8 8 8 8 8 8 8 8 8 8 8 8 8 8 8 8 3
3 8 8 8 8 8 8 8 8 8 8 8 8 8 8 8 8 8 8 8 8 8 8 8 8 8 8 8 8 8 8 8 8 8 8 8 8 8 8 8 8 8
8 8 8 8 8 8 8 8 8 8 8 8 8 8 8 8 8 8 8 8 8 8 8 8 8 8 8 8 8 8 8 8 8 8 8 8 8 8 8 8 8 3
4 8 8 8 8 8 8 8 8 8 8 8 8 8 8 8 8 8 8 8 8 8 8 8 8 8 8 8 8 8 8 8 8 8 8 8 8 8 8 8 8 8
8 8 8 8 8 8 8 3 8 8 8 8 8 8 8 8 8 8 8 0 8 8 0 8 8 8 8 8 8 8 8 8 8 8 8 8 8 8 8 8 8 8
8 0 8 8 8 8 8 8 8 8 8 8 8 8 8 8 8 8 8 8 8 8 8 8 8 8 8 8 8 8 8 4 8 8 8 8 8 8 8 8 8 3
0 0 0 0 8 8 8 8 8 8 8 8 8 8 8 8 8 8 8 8 8 8 8 8 8 8 8 8 8 8 8 8 8 8 8 8 8 8 8 3 8 3
3 8 0 0 0 0 0 8 8 8 8 8 8 0 8 8 8 8 8 8 8 8 8 8 8 8 8 8 8 8 8 8 8 8 8 8 8 8 8 8 8 8
0 8 8 8 0 0 8 0 8 8 8 8 8 0 0 0 0 8 8 8 8 8 8 8 8 8 8 8 8 8 8 2 8 8 8 8 8 8 8 8 8 3
7 8 8 8 8 8 0 0 8 8 8 8 8 0 0 0 0 8 8 8 8 8 8 8 8 8 8 8 8 8 8 8 8 8 8 8 8 8 8 8 8 8
8 8 8 8 8 8 0 0 8 8 8 8 8 0 0 0 0 8 8 8 8 8 8 8 8 8 8 8 8 8 8 8 8 8 8 8 8 8 8 8 8 8
6 8 0 0 0 8 8 8 8 8 8 8 8 8 8 0 8 8 8 8 8 8 4 8 8 8 8 8 8 8 8 8 8 8 8 8 8 8 8 8 8 3
8 8 0 0 0 8 8 8 8 8 8 8 8 8 8 8 8 8 8 8 8 8 8 8 8 8 8 8 8 8 8 8 8 6 8 8 8 8 8 8 8 8
3 8 0 8 8 8 8 8 8 8 1 8 8 8 8 0 8 0 8 8 3 8 8 8 8 8 8 8 8 8 8 8 8 8 8 8 8 8 8 8 8 8
8 8 8 8 0 0 8 8 8 8 8 8 8 8 0 0 0 8 8 8 8 8 8 8 8 8 8 8 8 8 8 8 8 8 8 8 8 8 8 8 8 3
3 8 8 8 8 8 8 8 8 8 8 8 8 8 8 8 8 8 8 8 8 8 8 8 8 8 8 8 8 8 8 8 8 8 8 8 8 8 8 8 8 8
8 8 8 8 8 8 8 4 8 8 8 8 8 8 8 8 8 8 8 8 8 8 8 8 8 8 8 8 8 8 8 8 8 8 8 8 8 8 8 8 8 8
3 8 8 8 8 8 8 8 8 8 8 8 8 8 8 8 8 8 8 3 8 8 8 8 8 8 8 8 8 8 8 8 8 8 8 8 8 2 8 8 8 3
8 8 8 8 8 8 8 8 8 8 8 8 8 8 8 8 8 8 8 8 8 8 8 8 3 8 8 8 8 8 8 8 4 8 4 8 8 8 8 8 8 8
3 8 8 8 8 8 8 8 8 8 8 8 8 8 8 8 8 8 8 8 8 0 0 8 8 8 8 8 8 8 8 8 8 8 8 8 8 8 8 8 8 8
8 3 8 8 8 6 8 3 3 3 8 3 8 3 3 3 7 7 6 3 8 8 0 8 3 8 8 8 3 3 3 6 3 7 3 4 7 3 6 3 3 3 